0 1
4 10
1 2
10 11
5 8
0 3
0 6
2 3
4 5
3 9
4 8
3 6
7 11
6 9
4 7
7 8
0 1
1 2
4 9
6 8
1 8
0 3
8 10
2 3
6 7
4 5
1 10
5 9
0 8
7 8
9 10
13 14
2 4
5 11
2 7
5 14
4 6
1 14
3 10
4 12
8 13
1 13
2 6
3 9
7 12
0 8
0 14
0 11
0 1
4 10
1 2
0 10
6 8
4 6
2 3
2 9
7 9
6 7
3 9
6 10
0 5
0 8
3 5
1 12
0 7
1 2
0 4
4 9
0 3
2 3
2 9
5 10
11 12
2 12
5 6
6 10
9 11
0 8
7 8
4 10
0 4
0 10
3 4
6 11
1 8
5 7
0 11
2 3
2 9
8 9
3 9
6 10
5 9
1 3
7 8
3 8
1 2
0 4
2 7
1 5
0 3
0 9
1 4
5 7
0 6
8 9
3 9
1 6
2 5
1 2
3 4
5 8
3 7
1 8
4 6
6 7
0 2
3 6
0 8
2 5
2 8
1 2
0 10
6 9
4 9
1 8
0 9
4 6
2 3
6 7
1 7
4 5
5 10
0 5
4 8
1 3
7 8
0 1
1 2
0 4
3 4
0 10
3 7
1 4
5 7
2 3
8 9
5 9
6 10
7 8
1 6
2 5
3 5
0 1
0 4
3 4
2 7
5 8
6 9
0 10
0 9
1 4
0 6
5 10
2 5
1 3
7 8
2 8
4 10
1 2
7 10
2 10
0 3
0 9
4 6
5 7
0 12
6 7
1 7
11 12
5 6
3 12
0 8
6 9
8 11
2 4
1 5
3 7
0 9
8 10
0 6
2 3
4 7
6 7
7 9
6 10
3 6
0 8
2 5
1 9
10 11
0 10
5 8
2 10
4 6
4 7
6 7
0 2
3 5
3 9
8 9
1 3
1 9
0 11
0 1
0 7
3 8
5 11
0 10
3 4
6 11
7 10
4 12
2 3
8 9
3 9
2 12
1 10
4 8
5 6
3 4
3 7
0 6
1 7
0 2
4 5
5 6
0 5
0 8
1 3
3 5
2 8
0 1
0 7
9 10
0 4
1 11
2 3
5 10
2 6
4 8
3 6
5 9
7 11
7 8
0 7
10 11
1 5
5 8
0 9
1 4
2 3
7 9
4 5
11 12
2 6
4 8
3 6
10 12
3 8
5 8
4 9
0 3
1 4
0 6
2 3
7 9
1 7
5 6
0 8
1 9
2 8
0 7
3 8
1 2
10 11
0 10
4 6
0 6
2 3
6 7
4 5
8 9
3 9
5 6
9 11
1 9
8 11
