0 1
13 14
0 4
5 11
6 14
4 12
3 10
5 7
9 12
2 3
2 9
6 13
1 10
8 11
7 8
6 12
0 14
10 15
6 8
4 5
3 6
3 12
4 11
0 1
0 7
9 10
1 2
11 13
1 8
5 11
4 13
9 15
2 3
7 14
4 10
1 5
0 3
4 6
9 12
1 4
3 10
2 3
0 11
0 2
4 5
2 6
7 12
8 9
8 12
4 11
7 8
0 1
9 10
10 15
3 4
1 5
1 11
11 13
4 6
7 13
2 3
12 14
8 9
2 6
8 15
5 12
0 11
7 14
0 1
3 8
1 2
2 4
1 5
6 11
2 10
0 9
6 7
4 5
8 9
3 9
1 10
7 11
0 1
4 10
3 8
4 13
9 11
1 8
0 9
5 7
10 13
2 3
6 7
0 2
11 12
7 12
3 6
5 9
0 1
2 7
1 8
1 4
0 6
6 7
0 2
4 5
3 6
0 8
1 3
3 5
0 1
1 2
1 5
4 9
3 10
0 6
7 9
0 2
8 9
2 6
5 10
0 5
1 3
4 7
7 8
0 1
1 12
1 2
3 4
1 11
8 10
11 12
6 7
0 2
4 5
2 9
6 10
7 8
2 5
1 9
3 5
0 1
4 10
3 4
6 8
0 9
3 10
5 7
1 7
2 5
6 9
2 8
0 1
4 10
0 7
1 2
5 11
10 11
1 5
4 9
9 12
2 3
11 12
7 8
1 6
0 8
6 9
3 5
0 1
0 7
3 8
1 2
2 7
5 8
4 9
0 9
7 9
6 7
4 5
5 6
3 6
0 1
9 10
6 12
5 12
10 11
3 4
2 7
1 8
2 3
1 7
2 6
5 6
9 11
0 8
4 7
9 10
0 7
3 8
1 2
3 4
1 5
9 11
2 10
0 6
7 11
5 6
4 8
1 6
2 5
0 11
6 12
6 15
3 4
4 9
12 16
0 2
11 17
1 18
13 17
6 8
4 5
4 14
12 15
5 9
0 7
0 10
11 13
2 10
1 17
7 9
3 14
8 16
11 18
1 2
10 11
1 5
4 9
6 11
7 10
5 8
4 12
9 12
2 3
6 7
0 5
0 8
3 5
0 7
1 2
0 4
3 4
3 7
0 9
11 12
5 10
8 9
2 6
0 5
8 11
1 6
10 12
7 8
0 7
1 2
1 11
2 10
4 6
7 9
4 5
8 9
3 9
5 6
0 5
1 10
3 12
7 12
2 11
7 8
0 1
6 12
9 10
1 11
4 6
0 9
4 12
2 13
8 10
2 3
3 13
1 7
4 5
8 9
7 11
5 12
3 8
3 4
2 7
1 5
4 6
0 9
0 6
2 3
5 10
1 10
7 8
4 8
9 11
0 11
