9 10
1 12
4 10
1 2
3 14
0 10
4 9
5 14
8 10
7 13
11 12
6 7
6 13
2 12
0 8
2 11
3 5
0 1
3 4
1 5
5 8
5 7
2 9
2 6
4 8
7 8
0 8
6 9
3 5
3 8
3 7
0 3
1 4
5 7
0 2
2 6
5 6
0 5
1 3
4 7
7 8
0 1
0 10
4 13
1 11
5 14
4 6
2 3
6 7
8 13
2 12
4 8
9 14
3 12
5 9
1 10
4 7
0 11
9 10
0 7
1 2
10 11
5 8
6 8
0 9
2 3
11 12
5 6
10 12
4 11
7 11
1 3
4 7
1 2
0 4
4 13
0 10
4 6
8 10
9 12
0 6
2 3
5 13
4 5
7 9
8 13
11 12
9 11
7 11
1 3
0 1
4 10
1 2
4 9
1 11
8 10
5 7
2 3
6 7
8 9
4 8
3 6
3 5
0 11
10 11
3 4
5 8
1 11
4 9
0 3
4 6
5 7
2 3
7 9
2 6
1 10
0 5
0 8
7 8
4 9
12 13
5 10
8 15
2 5
0 11
6 11
3 6
14 15
2 4
8 14
1 5
2 10
4 7
12 14
3 11
0 3
8 13
2 9
1 7
0 1
1 2
5 8
4 9
6 8
0 3
8 10
0 6
2 3
7 9
5 6
6 10
3 6
4 7
4 10
8 14
1 2
10 11
3 4
0 13
12 13
7 9
8 9
2 5
5 6
7 12
8 12
9 14
1 6
0 14
7 8
3 11
0 1
4 10
9 10
1 5
3 7
2 10
4 6
8 10
1 7
8 9
6 10
0 5
1 3
2 8
0 1
4 10
5 11
0 10
2 7
5 8
3 7
1 4
2 3
8 9
2 6
2 12
1 10
3 6
3 12
9 11
0 1
4 10
9 10
0 4
0 10
5 11
7 10
2 3
7 9
2 6
1 10
3 6
8 11
2 5
3 5
2 8
6 12
6 15
3 4
12 13
5 10
0 5
0 8
6 14
14 15
0 1
2 4
0 10
2 7
11 16
1 8
7 9
4 16
2 3
2 9
13 15
7 11
0 1
4 10
2 4
2 7
1 11
8 10
6 7
5 10
3 9
5 6
8 11
9 11
0 8
2 5
1 3
0 11
0 1
1 2
10 11
6 11
5 7
2 3
2 9
4 5
3 9
6 10
0 8
1 3
4 7
2 8
0 1
9 10
5 12
0 4
2 7
7 10
6 8
7 9
8 9
2 6
3 12
4 11
7 11
2 11
1 9
3 5
4 6
0 14
1 9
13 14
7 13
3 12
0 7
1 2
2 10
1 8
6 13
4 7
3 5
3 11
5 11
8 10
11 12
2 9
7 14
9 10
4 10
1 2
10 11
2 7
5 8
4 9
0 3
0 6
5 13
8 13
1 7
0 12
3 6
3 12
9 11
