0 1
4 10
3 4
2 7
1 5
4 9
4 6
3 10
5 6
7 8
6 10
9 11
0 11
2 8
0 1
9 10
3 8
10 11
1 5
3 7
6 8
1 4
5 7
2 3
6 7
0 2
9 11
4 7
2 8
5 11
6 14
1 8
4 6
3 10
10 13
0 6
7 11
2 9
3 13
4 5
7 12
5 6
8 9
11 12
0 14
1 9
2 8
0 1
9 10
3 14
5 8
6 11
11 13
2 10
0 9
7 13
12 13
2 3
6 7
4 5
7 12
4 8
0 14
1 3
0 1
10 11
3 4
5 8
11 14
0 13
6 14
0 9
4 12
5 13
7 9
1 7
6 10
3 12
2 5
7 8
2 8
0 1
6 12
5 11
4 9
0 3
0 12
2 9
2 3
6 7
7 12
8 11
1 10
4 8
7 8
6 10
4 11
3 5
9 10
3 8
1 2
10 11
9 11
4 12
7 13
5 7
0 6
4 5
6 13
8 12
3 12
1 6
0 8
2 5
4 7
3 4
12 13
3 10
5 7
0 2
8 9
0 8
2 5
1 12
1 15
5 6
4 11
10 11
10 14
6 7
3 14
0 9
1 13
13 15
3 8
1 15
0 10
4 9
6 8
1 14
12 13
2 13
7 11
2 12
0 5
3 6
1 10
9 11
2 5
14 15
4 7
12 14
3 8
1 2
0 10
6 11
11 13
2 10
9 12
5 7
4 5
6 13
2 5
8 9
1 10
3 12
0 14
4 7
7 14
0 1
0 7
2 4
7 10
3 10
4 5
8 9
2 6
3 9
5 6
8 11
7 11
1 3
7 8
3 4
5 7
11 14
0 14
10 12
0 11
1 12
6 8
5 6
2 4
0 13
6 7
3 14
5 8
9 15
2 3
2 9
10 16
0 15
1 16
13 15
10 11
3 4
0 10
6 11
4 9
1 8
0 9
2 3
1 7
4 5
7 8
3 6
5 9
2 11
0 11
0 1
3 4
5 8
4 9
6 11
8 10
5 7
0 6
2 3
0 2
5 10
1 6
4 11
6 9
7 8
10 11
0 4
5 8
7 10
6 8
1 14
2 13
2 3
3 13
1 7
8 9
11 12
0 12
1 10
4 14
5 9
0 14
6 9
2 4
1 5
4 9
6 8
0 9
6 7
0 2
2 9
7 8
1 3
3 5
0 1
2 4
10 11
3 4
1 5
5 8
7 10
0 6
2 3
11 12
8 9
10 12
7 11
6 9
9 10
1 2
0 10
3 7
1 8
4 6
5 7
0 6
9 11
4 11
3 5
2 8
9 10
1 8
0 9
2 11
9 12
2 3
2 9
0 2
1 7
5 6
4 8
0 5
6 10
10 12
4 7
7 8
3 11
2 4
5 8
3 7
8 10
1 4
0 6
2 3
7 9
3 9
5 6
0 5
6 10
2 5
1 9
