6 12
3 8
1 2
0 4
10 11
4 9
1 8
0 9
6 7
5 10
7 12
5 9
4 11
1 3
2 8
0 1
0 10
2 7
3 4
1 5
6 9
4 6
3 10
8 12
11 12
8 9
1 10
4 8
0 5
7 11
2 11
7 8
1 2
9 13
0 10
3 4
11 13
9 12
8 10
12 13
1 4
0 6
2 3
5 7
5 6
9 11
7 8
0 1
1 12
10 11
3 4
2 7
5 8
4 9
6 8
0 9
3 10
7 12
2 12
5 6
3 12
9 11
4 11
10 12
3 11
13 14
10 11
0 4
4 13
2 7
5 11
6 11
0 3
0 12
2 9
1 7
5 10
4 14
6 10
8 12
3 12
0 8
1 9
0 1
9 10
3 8
1 2
5 11
7 10
0 6
2 3
7 9
4 5
1 6
4 11
2 8
0 1
2 4
3 4
1 5
6 8
2 3
6 7
0 5
7 8
5 9
2 5
1 3
1 9
3 5
4 9
4 12
14 16
8 9
2 11
1 12
6 11
7 13
4 5
14 15
5 12
0 1
0 7
9 10
15 16
3 11
8 10
10 13
0 12
2 3
2 6
0 1
10 11
5 11
3 4
9 13
6 11
3 7
1 14
4 12
8 13
0 2
5 10
2 6
5 6
7 12
8 9
3 12
0 14
1 2
3 4
7 10
8 10
0 6
2 9
4 5
5 6
0 5
3 6
7 8
1 9
3 5
0 1
1 2
10 14
4 9
7 10
0 3
6 14
5 13
2 3
6 7
8 13
2 12
9 11
4 11
1 3
5 12
0 8
3 4
3 10
8 12
9 11
2 5
1 9
1 12
8 11
0 1
0 7
7 9
6 7
4 10
5 8
0 9
2 12
7 11
6 9
7 8
6 12
4 9
12 13
5 13
0 2
2 11
5 6
4 8
3 15
5 12
14 15
0 1
0 7
9 10
11 13
4 10
3 14
8 10
11 12
1 7
0 1
3 4
6 11
4 9
7 10
1 8
0 6
2 3
0 11
0 2
4 5
2 6
8 9
5 10
5 9
4 7
3 5
0 1
1 12
0 10
3 4
11 13
2 10
1 8
7 9
3 13
5 10
6 7
0 12
2 12
10 12
4 11
2 5
6 9
0 8
0 1
1 2
10 11
3 11
1 8
4 6
0 11
7 9
4 5
1 7
6 10
4 8
3 6
4 11
5 9
0 8
7 8
2 8
3 4
12 13
3 10
9 14
9 11
0 8
0 11
2 14
5 6
5 15
2 7
2 13
15 16
6 16
1 4
8 13
2 12
1 10
7 8
4 15
3 13
0 2
1 6
10 12
13 14
7 10
3 9
4 14
14 15
0 1
10 11
3 5
3 8
5 8
0 6
8 13
2 9
11 12
7 11
0 1
0 7
5 15
3 14
0 10
2 10
6 8
4 12
4 15
2 9
1 7
6 13
8 13
12 15
11 14
6 9
5 12
3 11
9 10
0 3
0 6
2 3
6 7
0 2
8 11
7 12
5 6
1 10
4 8
0 5
2 12
4 11
1 9
3 5
