1 12
0 4
4 13
2 7
1 11
0 13
2 10
1 14
8 10
11 12
3 9
5 6
7 8
3 6
5 9
11 14
3 5
2 8
0 1
0 7
2 4
1 2
10 11
3 4
8 10
0 6
6 7
4 5
8 9
8 11
9 11
4 7
3 5
4 9
12 13
5 7
11 14
10 12
2 11
6 8
0 1
2 4
0 10
1 11
1 14
6 7
3 11
5 8
10 13
2 3
2 9
7 8
1 2
0 4
3 4
1 5
4 9
3 7
6 8
5 7
0 6
7 9
2 9
3 9
0 5
4 8
0 1
0 7
1 2
0 10
1 11
3 7
4 12
7 9
8 12
2 6
3 9
4 8
5 6
1 10
2 5
2 11
0 1
1 2
4 9
7 10
2 10
0 3
5 7
0 6
1 7
8 9
5 6
4 8
3 6
0 1
10 11
3 4
5 8
4 9
7 10
6 8
2 3
11 12
0 2
7 12
5 6
10 12
1 9
0 1
0 7
9 10
2 10
0 6
2 9
1 7
4 5
5 6
4 8
3 6
7 8
9 11
2 11
3 5
0 1
3 8
2 7
6 8
0 3
4 6
1 4
5 7
4 8
2 5
4 9
12 13
3 10
8 12
0 11
13 14
1 15
6 11
3 9
5 6
9 10
0 7
1 2
2 16
15 16
12 14
4 10
5 11
8 13
1 16
7 11
0 1
2 7
1 5
7 10
1 4
0 6
2 3
4 5
8 9
3 9
5 6
6 10
5 10
9 11
8 11
3 11
0 1
6 12
0 4
9 13
2 7
1 11
7 10
2 10
6 8
0 9
11 13
1 4
2 3
7 9
5 6
8 12
1 3
5 12
0 1
1 2
0 4
5 8
3 7
7 10
1 8
3 10
6 7
4 5
2 9
3 6
9 11
1 9
0 11
2 8
0 1
1 5
4 9
6 11
11 13
0 3
1 4
0 12
7 9
0 2
5 10
6 13
2 12
8 9
10 12
1 3
7 8
0 7
1 12
1 2
4 10
10 11
5 8
1 8
0 3
0 6
2 3
2 9
6 7
5 6
8 12
4 11
1 9
10 11
0 4
1 11
0 3
4 12
2 13
7 9
6 7
8 13
0 12
1 10
0 5
6 9
3 5
2 8
0 1
9 10
5 12
4 13
3 11
3 7
0 3
4 6
7 11
2 9
6 13
8 9
2 12
1 10
2 5
1 9
2 8
3 7
4 15
1 9
11 17
2 14
13 14
6 11
5 6
4 8
0 1
9 10
2 7
2 13
15 16
4 16
12 17
5 11
0 3
8 16
2 3
11 12
1 10
4 6
5 13
1 9
1 15
7 10
4 5
3 12
0 1
10 11
12 14
3 14
4 13
0 9
8 10
2 3
2 6
0 15
7 11
7 8
10 11
0 4
7 10
9 12
2 3
6 7
1 7
0 2
4 5
8 9
0 5
8 12
1 6
1 3
3 11
