8 14
0 4
4 13
5 11
6 11
10 14
0 13
8 10
7 9
1 7
3 9
2 12
5 6
8 12
1 3
2 8
6 12
3 8
0 4
1 11
2 10
4 12
2 13
10 13
0 12
7 9
8 9
3 9
5 6
9 11
1 3
5 12
7 8
0 1
1 2
4 9
7 9
0 2
8 9
5 6
4 8
7 8
1 6
1 3
3 5
0 1
4 10
2 4
5 11
3 4
7 10
1 8
2 3
4 7
5 9
1 6
0 8
6 9
1 9
8 11
3 8
5 11
3 4
2 7
10 13
8 12
2 9
4 5
1 13
2 6
6 7
1 10
0 5
0 12
6 9
0 11
1 2
0 4
1 5
4 9
7 10
9 12
0 9
8 10
0 6
2 3
0 12
5 9
7 8
8 11
1 6
7 11
3 5
0 1
3 4
1 5
7 10
1 8
2 3
6 7
8 9
6 10
0 5
5 9
4 11
2 11
1 9
0 1
9 10
4 13
2 7
6 9
0 13
1 8
12 13
5 13
0 12
2 3
4 5
6 10
4 8
7 11
2 11
3 11
0 1
9 10
4 10
1 2
3 4
1 5
4 9
6 7
8 9
2 6
3 9
0 5
4 8
1 6
7 11
0 11
0 7
1 2
1 5
0 3
1 4
6 7
0 2
4 5
3 6
0 1
3 8
0 10
11 13
2 10
4 6
0 9
5 7
2 9
1 13
7 12
4 8
3 6
2 11
5 12
0 1
2 4
1 2
0 3
1 4
2 3
7 9
4 5
8 9
5 6
3 6
1 3
7 8
0 4
3 4
1 8
0 6
2 3
7 9
1 7
0 2
4 5
2 6
0 5
1 9
7 8
1 12
3 4
2 7
1 11
0 13
2 10
9 12
7 10
11 13
6 7
4 5
8 9
2 6
9 11
0 8
1 9
3 5
0 1
0 7
5 11
0 10
6 8
4 6
9 11
2 3
1 7
2 12
1 10
4 8
3 12
5 9
9 10
3 8
2 4
0 10
5 8
3 7
1 8
4 6
5 7
0 6
2 3
0 2
8 9
1 3
1 9
0 1
0 7
0 10
1 5
4 9
3 7
2 3
6 7
1 7
8 9
6 10
4 8
2 5
1 3
6 12
9 10
1 2
9 13
3 4
10 11
1 5
11 13
0 3
1 8
6 7
4 5
7 12
0 8
2 5
6 12
12 16
5 13
8 9
4 18
9 11
2 11
10 18
0 17
7 16
15 17
3 9
4 14
5 15
10 14
0 13
6 7
4 10
3 8
2 9
1 7
0 15
1 16
0 1
2 4
3 8
5 11
3 4
10 11
0 13
9 12
2 3
7 9
1 13
7 12
5 6
6 10
2 8
